Tree:
                                               9                                                                                             
                      14                                               4                                             
           1                      16                      13                       7                     
    10          12           5           7          10           2           5          19         
                    3                      18                      15          17           9   
4, 9 <-- 9
4, 14 <-- 9
4, 1 <-- 9
4, 10 <-- 9
4, 12 <-- 9
4, 3 <-- 9
4, 16 <-- 9
4, 5 <-- 9
4, 7 <-- 9
4, 18 <-- 9
4, 4 <-- 4
4, 13 <-- 4
4, 10 <-- 4
4, 2 <-- 4
4, 15 <-- 4
4, 7 <-- 4
4, 5 <-- 4
4, 17 <-- 4
4, 19 <-- 4
4, 9 <-- 4
13, 9 <-- 9
13, 14 <-- 9
13, 1 <-- 9
13, 10 <-- 9
13, 12 <-- 9
13, 3 <-- 9
13, 16 <-- 9
13, 5 <-- 9
13, 7 <-- 9
13, 18 <-- 9
13, 4 <-- 4
13, 13 <-- 13
13, 10 <-- 13
13, 2 <-- 13
13, 15 <-- 13
13, 7 <-- 4
13, 5 <-- 4
13, 17 <-- 4
13, 19 <-- 4
13, 9 <-- 4
10, 9 <-- 9
10, 14 <-- 9
10, 1 <-- 9
10, 10 <-- 9
10, 12 <-- 9
10, 3 <-- 9
10, 16 <-- 9
10, 5 <-- 9
10, 7 <-- 9
10, 18 <-- 9
10, 4 <-- 4
10, 13 <-- 13
10, 10 <-- 10
10, 2 <-- 13
10, 15 <-- 13
10, 7 <-- 4
10, 5 <-- 4
10, 17 <-- 4
10, 19 <-- 4
10, 9 <-- 4
2, 9 <-- 9
2, 14 <-- 9
2, 1 <-- 9
2, 10 <-- 9
2, 12 <-- 9
2, 3 <-- 9
2, 16 <-- 9
2, 5 <-- 9
2, 7 <-- 9
2, 18 <-- 9
2, 4 <-- 4
2, 13 <-- 13
2, 10 <-- 13
2, 2 <-- 2
2, 15 <-- 2
2, 7 <-- 4
2, 5 <-- 4
2, 17 <-- 4
2, 19 <-- 4
2, 9 <-- 4
15, 9 <-- 9
15, 14 <-- 9
15, 1 <-- 9
15, 10 <-- 9
15, 12 <-- 9
15, 3 <-- 9
15, 16 <-- 9
15, 5 <-- 9
15, 7 <-- 9
15, 18 <-- 9
15, 4 <-- 4
15, 13 <-- 13
15, 10 <-- 13
15, 2 <-- 2
15, 15 <-- 15
15, 7 <-- 4
15, 5 <-- 4
15, 17 <-- 4
15, 19 <-- 4
15, 9 <-- 4
7, 9 <-- 9
7, 14 <-- 9
7, 1 <-- 9
7, 10 <-- 9
7, 12 <-- 9
7, 3 <-- 9
7, 16 <-- 9
7, 5 <-- 9
7, 7 <-- 9
7, 18 <-- 9
7, 4 <-- 4
7, 13 <-- 4
7, 10 <-- 4
7, 2 <-- 4
7, 15 <-- 4
7, 7 <-- 7
7, 5 <-- 7
7, 17 <-- 7
7, 19 <-- 7
7, 9 <-- 7
5, 9 <-- 9
5, 14 <-- 9
5, 1 <-- 9
5, 10 <-- 9
5, 12 <-- 9
5, 3 <-- 9
5, 16 <-- 9
5, 5 <-- 9
5, 7 <-- 9
5, 18 <-- 9
5, 4 <-- 4
5, 13 <-- 4
5, 10 <-- 4
5, 2 <-- 4
5, 15 <-- 4
5, 7 <-- 7
5, 5 <-- 5
5, 17 <-- 5
5, 19 <-- 7
5, 9 <-- 7
17, 9 <-- 9
17, 14 <-- 9
17, 1 <-- 9
17, 10 <-- 9
17, 12 <-- 9
17, 3 <-- 9
17, 16 <-- 9
17, 5 <-- 9
17, 7 <-- 9
17, 18 <-- 9
17, 4 <-- 4
17, 13 <-- 4
17, 10 <-- 4
17, 2 <-- 4
17, 15 <-- 4
17, 7 <-- 7
17, 5 <-- 5
17, 17 <-- 17
17, 19 <-- 7
17, 9 <-- 7
19, 9 <-- 9
19, 14 <-- 9
19, 1 <-- 9
19, 10 <-- 9
19, 12 <-- 9
19, 3 <-- 9
19, 16 <-- 9
19, 5 <-- 9
19, 7 <-- 9
19, 18 <-- 9
19, 4 <-- 4
19, 13 <-- 4
19, 10 <-- 4
19, 2 <-- 4
19, 15 <-- 4
19, 7 <-- 7
19, 5 <-- 7
19, 17 <-- 7
19, 19 <-- 19
19, 9 <-- 19
9, 9 <-- 9
9, 14 <-- 9
9, 1 <-- 9
9, 10 <-- 9
9, 12 <-- 9
9, 3 <-- 9
9, 16 <-- 9
9, 5 <-- 9
9, 7 <-- 9
9, 18 <-- 9
9, 4 <-- 4
9, 13 <-- 4
9, 10 <-- 4
9, 2 <-- 4
9, 15 <-- 4
9, 7 <-- 7
9, 5 <-- 7
9, 17 <-- 7
9, 19 <-- 19
9, 9 <-- 9
